[
  0,
  62,
  63,
  65,
  67,
  67,
  71,
  77,
  78,
  79,
  80,
  85,
  86,
  87,
  88,
  89,
  93,
  94,
  95,
  96,
  97,
  98,
  99,
  103,
  104,
  105,
  106,
  107,
  108,
  113,
  114,
  115,
  116,
  117,
  121,
  122,
  123,
  124,
  125,
  126,
  127,
  128,
  133,
  134,
  135,
  136,
  137,
  138,
  142,
  143,
  144,
  145,
  146,
  147,
  148,
  149,
  150,
  151,
  152,
  153,
  155,
  156,
  157,
  158,
  159,
  160,
  161,
  162,
  166,
  167,
  168,
  169,
  170,
  171,
  172,
  173,
  174,
  175,
  176,
  177,
  178,
  179,
  180,
  181,
  182,
  183,
  184,
  185,
  186,
  187,
  188,
  189,
  190,
  191,
  193,
  194,
  195,
  204,
  205,
  206,
  207,
  208,
  209,
  210,
  211,
  212,
  213,
  214,
  215,
  216,
  217,
  218,
  219,
  220,
  221,
  222,
  223,
  224,
  225,
  226,
  227,
  228,
  232,
  233,
  234,
  235,
  236,
  237,
  242,
  243,
  244,
  245,
  246,
  247,
  251,
  252,
  253,
  254,
  255,
  256,
  257,
  258,
  259,
  260,
  261,
  262,
  263,
  264,
  265,
  266,
  267,
  268,
  269,
  270,
  271,
  272,
  273,
  275,
  276,
  277,
  278,
  279,
  281,
  283,
  284,
  288,
  289,
  290,
  291,
  292,
  293,
  294,
  295,
  297,
  300,
  301,
  305,
  306,
  307,
  308,
  310,
  315,
  316,
  317,
  318,
  319,
  320,
  322,
  326,
  327,
  328,
  329,
  330,
  331,
  332,
  334,
  335,
  338,
  339,
  340,
  341,
  342,
  344,
  345,
  348,
  349,
  350,
  351,
  352,
  353,
  354,
  355,
  356,
  357,
  358,
  359,
  362,
  363,
  366,
  367,
  368,
  369,
  370,
  372,
  373,
  375,
  376,
  377,
  379,
  381,
  382,
  383,
  384,
  385,
  388,
  390,
  391,
  392,
  393,
  395,
  397,
  399,
  400,
  401,
  402,
  405,
  406,
  407,
  408,
  409,
  412,
  413,
  415,
  416,
  418,
  419,
  420,
  421,
  422,
  423,
  426,
  427,
  428,
  431,
  434,
  435,
  436,
  437,
  438,
  439,
  440,
  444,
  445,
  446,
  447,
  448,
  450,
  451,
  452,
  455,
  459,
  460,
  464,
  465,
  466,
  467,
  468,
  469,
  470,
  471,
  476,
  477,
  478,
  479,
  480,
  481,
  482,
  483,
  484,
  486,
  487,
  488,
  489,
  490,
  493,
  494,
  495,
  496,
  498,
  499,
  500,
  501,
  502,
  503,
  504,
  506,
  507,
  509,
  510,
  511,
  513,
  521,
  522,
  523,
  524,
  525,
  526,
  527,
  530,
  532,
  534,
  536,
  537,
  538,
  539,
  540,
  541,
  542,
  546,
  547,
  548,
  549,
  550,
  551,
  552,
  553,
  554,
  558,
  559,
  560,
  562,
  564,
  565,
  568,
  569,
  570,
  572,
  573,
  575,
  576,
  577,
  578,
  583,
  585,
  586,
  588,
  589,
  590,
  591,
  592,
  593,
  594,
  595,
  601,
  603,
  605,
  606,
  607,
  608,
  609,
  610,
  611,
  615,
  618,
  619,
  620,
  623,
  628,
  630,
  632,
  633,
  634,
  635,
  636,
  637,
  641,
  646,
  647,
  648,
  649,
  650,
  651,
  652,
  654,
  655,
  656,
  657,
  658,
  659,
  660,
  661,
  662,
  666,
  667,
  668,
  669,
  670,
  671,
  674,
  676,
  677,
  679,
  680,
  681,
  686,
  689,
  690,
  692,
  693,
  694,
  695,
  698,
  699,
  700,
  701,
  702,
  703,
  704,
  705,
  708,
  709,
  710,
  711,
  712,
  713,
  718,
  719,
  720,
  721,
  722,
  723,
  726,
  728,
  729,
  730,
  731,
  732,
  733,
  737,
  738,
  739,
  740,
  741,
  742,
  746,
  747,
  748,
  749,
  750,
  751,
  754,
  756,
  757,
  758,
  759,
  761,
  762,
  763,
  764,
  765,
  767,
  770,
  771,
  772,
  773,
  774,
  775,
  776,
  777,
  778,
  782,
  783,
  784,
  785,
  787,
  788,
  789,
  790,
  791,
  792,
  796,
  797,
  799,
  800,
  801,
  802,
  803,
  804,
  807,
  809,
  810,
  811,
  812,
  813,
  814,
  817,
  818,
  819,
  821,
  823,
  824,
  825,
  826,
  827,
  828,
  832,
  834,
  835,
  836,
  837,
  838,
  839,
  842,
  843,
  844,
  845,
  847,
  848,
  849,
  850,
  851,
  856,
  858,
  860,
  861,
  862,
  863,
  864,
  868,
  869,
  870,
  871,
  873,
  875,
  876,
  877,
  878,
  879,
  880,
  881,
  882,
  883,
  885,
  886,
  887,
  888,
  889,
  890,
  891,
  892,
  893,
  894,
  895,
  896,
  898,
  899,
  900,
  901,
  902,
  903,
  904,
  905,
  906,
  907,
  908,
  909,
  910,
  911,
  912,
  913,
  914,
  918,
  919,
  920,
  921,
  922,
  923,
  924,
  925,
  926,
  927,
  928,
  929,
  930,
  931,
  933,
  934,
  935,
  936,
  937,
  938,
  941,
  942,
  943,
  945,
  946,
  947,
  948,
  949,
  950,
  954,
  955,
  957,
  958,
  959,
  960,
  961,
  962,
  966,
  968,
  969,
  970,
  971,
  972,
  973,
  974,
  975,
  976,
  977,
  978,
  980,
  981,
  982,
  983,
  984,
  985,
  987,
  988,
  989,
  992,
  993,
  994,
  995,
  996,
  997,
  998,
  999,
  1000,
  1001,
  1002,
  1003,
  1005,
  1006,
  1008,
  1009,
  1010,
  1011,
  1012,
  1013,
  1014,
  1015,
  1016,
  1017,
  1019,
  1020,
  1021,
  1022,
  1023,
  1024,
  1025,
  1026,
  1029,
  1030,
  1031,
  1032,
  1033,
  1034,
  1036,
  1037,
  1038,
  1039,
  1040,
  1041,
  1042,
  1043,
  1044,
  1045,
  1046,
  1047,
  1049,
  1050,
  1051,
  1052,
  1053,
  1054,
  1055,
  1056,
  1057,
  1058,
  1059,
  1060,
  1061,
  1062,
  1063,
  1064,
  1065,
  1066,
  1067,
  1068,
  1070,
  1071,
  1072,
  1073,
  1074,
  1075,
  1076,
  1077,
  1078,
  1079,
  1080,
  1081,
  1083,
  1084,
  1085,
  1086,
  1087,
  1088,
  1089,
  1090,
  1091,
  1094,
  1095,
  1098,
  1102,
  1103,
  1104,
  1105,
  1106,
  1107,
  1112,
  1113,
  1114,
  1115,
  1116,
  1117,
  1118,
  1119,
  1120,
  1121,
  1123,
  1124,
  1125,
  1126,
  1127,
  1128,
  1129,
  1132,
  1133,
  1134,
  1135,
  1136,
  1138,
  1139,
  1140,
  1141,
  1142,
  1143,
  1144,
  1145,
  1146,
  1147,
  1148,
  1150,
  1152,
  1153,
  1154,
  1155,
  1156,
  1157,
  1158,
  1159,
  1160,
  1161,
  1163,
  1164,
  1165,
  1167,
  1168,
  1169,
  1170,
  1171,
  1172,
  1173,
  1174,
  1175,
  1176,
  1177,
  1180,
  1181,
  1183,
  1184,
  1185,
  1186,
  1187,
  1188,
  1189,
  1190,
  1191,
  1192,
  1193,
  1194,
  1195,
  1196,
  1197,
  1198,
  1199,
  1200,
  1206,
  1207,
  1209,
  1211,
  1212,
  1213,
  1214,
  1215,
  1216,
  1217,
  1218,
  1220,
  1221,
  1222,
  1224,
  1225,
  1226,
  1227,
  1229,
  1230,
  1231,
  1232,
  1233,
  1234,
  1235,
  1236,
  1237,
  1238,
  1239,
  1240,
  1241,
  1242,
  1244,
  1245,
  1246,
  1247,
  1248,
  1249,
  1250,
  1251,
  1252,
  1253,
  1255,
  1256,
  1257,
  1258,
  1259,
  1260,
  1261,
  1262,
  1263,
  1265,
  1266,
  1267,
  1268,
  1269,
  1270,
  1271,
  1272,
  1273,
  1274,
  1276,
  1277,
  1278,
  1279,
  1280,
  1281,
  1282,
  1283,
  1284,
  1285
]